x;0.35647801727688744;0.7982369635707804;0.627377863080901;0.623943816966336;0.4212807922260955;0.291659326646172;0.4208403212664732;0.2465262291052122;0.7426114626263131;0.24575775016895401;0.7833911057655363;0.3844946227657831;0.40447408797561074;0.3844946227657831;0.7888054949534438;0.6500458666986764;0.3865854096625545;0.1076424624264754;0.15252392203466347;0.7388604427138543;0.7810410188059653;0.6717543411454254;0.5486587641769229;0.36581314418956673;0.7271254426132467;0.42610926982874603;0.42197347988540096;0.4251259646641723;0.6662770273996685;0.6124232830570274;0.5479518547227482;0.5574249545367858;0.43542847902727844;0.42597844275131125;0.5846101913364358;0.4837018236856283;0.39765190977432785;0.622619627867943;0.39765190977432785;0.2778975374802094;0.8981697871833885;0.6553473475097341;0.7513577146405808;0.8934665228858872;0.7182827741759109;0.8285370834898226;0.4296277203067429;0.8690971392810697;0.3427457441753834;0.46786069520430273;0.4577417502025198;0.8263171143342053;0.280453132732495;0.5954974770363654;0.7063985003026684;0.5655071632440255;0.7041853492187105;0.29578621579326564;0.7958149754833542;0.31219320942895695;0.526405570296935;0.6765879748747545;0.51183826716462;0.6784107348430841;0.4088558796233718;0.5321053536982241;0.4751671651538237;0.5957316804924151;0.8657342761704532;0.6826840210353599;0.6421977725194394;0.6596649884657148;0.4207883399736246;0.44426107503078055;0.8174678500885693;0.5626185326205797;0.3067364534889799;0.49982778475407474;0.8895463235258633;0.4556216729222034;0.49982778475407474;0.547238582014769;0.8474763891295838;0.6195437278478253;0.478102363189772;0.7684170113398403;0.5530143030242812;0.4993688197703026;0.42500456571303186;0.8526365464470307;0.6010555005113567;0.8831386852978818;0.3423708909662594;0.7339278273064122;0.6221163546421746;0.5067438779951405;0.618244033565047;0.564509664972223;0.5050495504189498;0.4536402322065321;0.5443291882493762;0.9101802695939338;0.5530143030242812;0.6093425535991968;0.7744896257996859;0.3627416610739018;0.7458794863847746;0.2857391778302636;0.291659326646172;0.35955244842586814;0.729076919559275;0.8317864705456901;0.3673692617593712;0.7810410188059653;0.17482930457786383;0.499583147726045;0.5205848197889154;0.3783547836574264;0.8469675360099485;0.5263885061134285;0.44659699746938875;0.6422237208861452;0.3243965111356599;0.2204241793728719;0.7332015618371984;0.7215732659128333;0.2331643396874611;0.26132298603640103;0.5954442648906171;0.44756411298258036;0.6549873159897537;0.9304133724318455;0.439850423518276;0.29493719804972274;0.6524361265933691;0.480821667423953;0.07294707986293442;0.6182944425510526;0.5078812054833215;0.09083575817599066;0.8570866568705244;0.14598718582006243;0.4892746696838116;0.5221152199211527;0.7516277983143277;0.7586981025677767;0.6893459036722016;0.4767230174419665;0.19347392068897984;0.3714396090724711;0.6334539823048528;0.38754147486053425;0.868385338455641;0.39096720131031554;0.3477221681900472;0.5946758757013653;0.5120965134963386;0.5365160052107285;0.4090125076657507;0.443406980626231;0.43542847902727844;0.740554770290045;0.5605618510460708;0.6265704233090953;0.22763873482178415;0.48663073020071845;0.7791142834462179;0.6363828093223731;0.3745106782775148;0.526405570296935;0.4417492705925304;0.3641291618257385;0.7085671408664715;0.3891289412490869;0.3764412020365364;0.5675344048662676;0.34061155403894783;0.7833016097130607;0.8902171358300197;0.860048628324594;0.5350969845342473;0.6303103131786447;0.7793466912297746;0.40175174546738746;0.9267048560743731;0.7383967424209306;0.5764314887933206;0.8152977950558367;0.6053287867036323;0.5851134645622043;0.2331643396874611;0.585338963857696;0.48880265091105185;0.6973738248498538;0.580796034838754;0.5018120518508412;0.3195607156337105;0.6854894548406048;0.42610926982874603;0.5037773045687349;0.590842849098079;0.4530911580741928;0.8288244990916206;0.4982054360181198;0.2867420365219281;0.40172235173057985;0.6121163285004783;0.6184375704309015;0.29259467800203054;0.9734288770529902;0.29259467800203054;0.5397201391279584;0.7086122936931831;0.78114152506846;0.5707572986961296;0.4639252316283742;0.7892122881179657;0.7372906904170287;0.3125929200437504;0.7505026409784857;0.5788107194253762;0.6631067218454967;0.6888225886382886;0.7448575071963466;0.20801028256671228;0.7767677326136897;0.5050870329664281;0.7169407972852311;0.7948816141773956;0.29352693180070566;0.4865502035873006;0.46079183202015334;0.7277656048210689;0.3614313525418057;0.518689990898556;0.17422108327215596;0.6479778354598433;0.5037773045687349;0.8601985919033456;0.7102745843277167;0.8317864705456901;0.8763765404585895;0.6558006058567916;0.18702942897156877;0.17377439731726646;0.4296277203067429;0.13102559402447878;0.24797766966760498;0.6477795214899738;0.5404648056404528;0.296596502495918;0.15335827177264738;0.6020793996477647;0.38666390524806954;0.6797220495812903;0.4288735959646929;0.3846366636258274;0.5132316113360689;0.5668918188128553;0.28082525309199063;0.5032460579365121;0.2808998186873845;0.4984144156618023;0.7553876003921505;0.32685768543826055;0.4566789543098814;0.8847132505896366;0.8943054045744652;0.21320771145693718;0.547373329876383;0.6380771368985638;0.6051188946699058;0.569909239459526;0.38006034724755167;0.3764412020365364;0.35354291869806675;0.7005338036495399;0.3118960936426769;0.5229589208984284;0.5573117016547345;0.7290952288277377;0.3302807537105349;0.524209117617317;0.5063645209686758;0.590842849098079;0.15404060654930912;0.6472110391566238;0.49962400265551127;0.6363828093223731;0.3932412582618233;0.35544469003447005;0.1695602206602398;0.5029586423347141;0.9178033761085228;0.8092216758318849;0.7439227773645192;0.70872776218601;0.6620037412073929;0.5501413884149013;0.5001087432379929;0.5274585046731846;0.5412991000446148;0.5581090968507663;0.7302932565864562;0.5774331717281374;0.5085431152605906;0.593441678115485;0.27129286534705144;0.4536402322065321;0.8358902919426692;0.280453132732495;0.8975140319617281;0.8808987042259345;0.4283298896089674;0.16572097658801976;0.2767202275502209;0.21444168026842786;0.09267448235037368;0.5683183160218688;0.9222194138953754;0.740584221004071;0.6740779568330434;0.7211092111234101;0.529162796757882;0.47891883542801755;0.2346221569912747;0.4902915179415326;0.5402291014848586;0.6961757970911353;0.5707572986961296;0.19640100720645243;0.5425986523471896;0.5848976069382338;0.733412658551188;0.18039429421442116;0.73238875941478;0.5835862922000277;0.584089565425796;0.5791163527566215;0.5489757538591562;0.741895535742277;0.3750139515032832;0.6658824952437524;0.770111338916031;0.6970180502275796;0.40819492949213165;0.4204668872316948;0.4585255636949313;0.5993715821878569;0.6265704233090953;0.21890749485822625;0.5216685339662632;0.313739533281281;0.5515858506943956;0.8905045514318177;0.585338963857696;0.7041853492187105;0.576929898502369;0.31410960455839604;0.934732779665669;0.5226924331026714;0.8524818115452761;0.6151234125854435;0.4569277977978017;0.5164431124898683;0.4837018236856283;0.4785799476995187;0.21472439597158283;0.42780359740493673;0.6215438296069202;0.634844564066593;0.334476930455022;0.779112780393397;0.35999913438075765;0.6085755278493428;0.2691504739951519;0.8770329577555698;0.5048618297157785;0.23467874426215363;0.5864819171648952;0.14277171057277221;0.5804953770859179;0.4799329758456793;0.22527575382260923;0.7244720742340267;0.42500456571303186;0.24510794313311313;0.22483483088537642;0.49864121261126376;0.5772940349107306;0.8742372053320315;0.16616766254290927;0.8686962476245227;0.5954974770363654;0.524496533219115;0.6888225886382886;0.5091351159080542;0.5473145196229922;0.8825368429959528;0.2584473945170276;0.3145095043066075;0.4389394149709615;0.4551622697952358;0.22820284034008181;0.6761051984552855;0.9280161708125791;0.6670805230024709;0.69652461640679;0.7683601286352335;0.8296964530524945;0.3610473334977111;0.6524361265933691;0.36750747176575743;0.439850423518276;0.8686962476245227;0.6466997282098054;0.6195437278478253;0.42147020665963253;0.529162796757882;0.7575121215083962;0.9106333167084608;0.5780229931029164;0.5740402822725794;0.5029586423347141;0.7586981025677767;0.22331814637073077;0.46132656978239356;0.4577417502025198;0.8836893514532285;0.2341754710363852;0.35320496452044076;0.46609238047424917;0.5660725738367145;0.8763765404585895;0.9652349185165201;0.48808361533338934;0.5696296307600748;0.32485706586232715;0.821797426016116;0.19058025669843287;0.934732779665669;0.5200486247620117;0.632950428196356;0.4104592867663408;0.873396455248408;0.6807617825212829;0.7023068758918518;0.61455994089855;0.5170800280290002;0.7892690779612908;0.8660432467955614;0.46129565893928726;0.2699679284263362;0.5578216812489682;0.4537597530030757;0.7273074496287255;0.5270581052919222;0.9280161708125791;0.593441678115485;0.601966530417057;0.8972266163599301;0.7043712586804263;0.5764314887933206;0.8879626376455041;0.9393148523976957;0.39162008579531793;0.5655796635319792;0.516294649302689;0.9200484623767143;0.4105502071995625;0.8557753421323182;0.7597693920399116;0.6259807372510979;0.4193047823117428;0.4059287931058992;0.6683940163382844;0.2982944614033196;0.4105502071995625;0.3865854096625545;0.37287479696270276;0.08790867165851807;0.09560156886784626;0.5966995617491189;0.6746856632973313;0.4106128819939781;0.46223079088041186;0.7607253441900188;0.6479778354598433;0.4340383718192474;0.7056697390024684;0.5174718260391012;0.515458826223494;0.6960022973698603;0.28132852631775906;0.7876834013608217;0.761006920182387;0.20358435560277344;0.6973136121080665;0.21694929678417318;0.4422338334085384;0.49558334603226484;0.5601985964084102;0.18765317018096028;0.45110661544537217;0.3333512017783808;0.9096094175720527;0.569909239459526;0.27562874291647;0.6106141497169858;0.4283298896089674;0.8526365464470307;0.7962097219485382;0.6722583989472077;0.49403262401404124;0.9106333167084608;0.07294707986293442;0.443406980626231;0.5483085805745251;0.5294762121559697;0.6434499455624269;0.5890750091059431;0.36750747176575743;0.34061155403894783;0.5617152809230559;0.5807324141842855;0.22891168142456025;0.40172235173057985;0.656681001455824;0.618244033565047;0.9359172576722286;0.5299851918093947;0.30270511291582414;0.5954442648906171;0.20890364546356327;0.3445873653688156;0.7893777289370124;0.20783364690380712;0.6896617739429651;0.2598574935125426;0.6039208669111873;0.26426814502504714;0.8288244990916206;0.5255032138448692;0.3445873653688156;0.46786069520430273;0.30926612291148436;0.29493719804972274;0.6806982843722729;0.10915914694112105;0.8766639560603875;0.4005024470801845;0.7439227773645192;0.3743666955899437;0.6395855629535037;0.960197821159593;0.7449987557381026;0.49117335818101165;0.16616766254290927;0.547373329876383;0.4984144156618023;0.9029530238743939;0.8654468605686552;0.3185053439731366;0.9429267382021391;0.13756233023907982;0.7141161789335662;0.31892015581911204;0.6092129275194124;0.3302807537105349;0.7252802080064834;0.55679778211256;0.5048618297157785;0.534278530289586;0.10587153690372997;0.5943991068136979;0.6362813592666894;0.31836268787499206;0.6633150559455989;0.7767677326136897;0.18702942897156877;0.4389394149709615;0.49962400265551127;0.5145447395216287;0.34948058344631494;0.39468169657216495;0.46595247325061634;0.8315728622192189;0.5270581052919222;0.5819211442061764;0.10110572621187436;0.8296964530524945;0.5150121402686045;0.4623649047962308;0.4530911580741928;0.4859022575975081;0.36994991233375807;0.6085755278493428;0.3482825556875965;0.2950436163153513;0.5229757112794844;0.16572097658801976;0.5911268351671668;0.39471732597731624;0.812209171355827;0.8195623798086735;0.6871271033010091;0.5084754040540035;0.5336971723813393;0.550764279243617;0.20085022473431657;0.9188272752449309;0.2520913653026037;0.9178033761085228;0.438355565544751;0.5737043726381532;0.5058857288521866;0.8753526413221815;0.6555477492876709;0.7277656048210689;0.4739567931058077;0.3155823808787918;0.22483483088537642;0.813603467479646;0.45836857242181467;0.248336959603234;0.15589769450702556;0.1991737040902689;0.5601985964084102;0.3914209451389745;0.48697225615726425;0.8275131843534145;0.7880142603592473;0.46572178087466126;0.5126787845345853;0.5575602441427733;0.326558149464283;0.8803958208661863;0.4994477286411881;0.248336959603234;0.7339278273064122;0.5042471572492223;0.15429224448208084;0.2683064082058916;0.7880142603592473;0.56335768972511;0.5559621389229209;0.8611294308452049;0.48808361533338934;0.623943816966336;0.4570532835901179;0.584089565425796;0.48694245637558975;0.700275583562136;0.5725916022141444;0.19998336169861264;0.19640100720645243;0.8088463771511539;0.2819762258300725;0.6442490677025543;0.5777407208656201;0.5788107194253762;0.5676921186911768;0.9109207323102588;0.5425986523471896;0.4696632799134406;0.6683940163382844;0.5606452823632997;0.27792800010419905;0.7803108081521155;0.7888054949534438;0.5198916878938667;0.4639252316283742;0.6017001737637335;0.1785123288933962;0.33051659819408735;0.15404060654930912;0.09083575817599066;0.8688097236792717;0.15545100855213606;0.6298805397379672;0.5943991068136979;0.9191146908467289;0.6442490677025543;0.6728960443591119;0.5978523296279895;0.87341456900452;0.8512971119374952;0.6053287867036323;0.2531613638623598;0.4191258476592555;0.5151317977516623;0.733700074152986;0.6639945643932617;0.5770022537266489;0.4551544578742494;0.45026913267752655;0.6311752686343436;0.5737528666707814;0.7640352196920792;0.5050870329664281;0.5164431124898683;0.22376483232562028;0.45110661544537217;0.9101802695939338;0.6620037412073929;0.6259807372510979;0.4564100403723923;0.675117204256042;0.6119044706720567;0.5824047847506775;0.385835769182353;0.7513577146405808;0.8130860584408082;0.4106128819939781;0.13907901475372547;0.4207883399736246;0.7089632695895106;0.6191693820750624;0.564842538187712;0.832393233558157;0.4882844661409284;0.547238582014769;0.2584473945170276;0.7089632695895106;0.5656495192806738;0.27792800010419905;0.2808998186873845;0.2819762258300725;0.5472562747668488;0.40154700145813815;0.639644222377306;0.3592427020993558;0.28595954324488293;0.3718180474428254;0.44489569648490185;0.6985632539088155;0.8720591107351392;0.5986936519464847;0.5903462997738184;0.47156562697517096;0.6853321980154183;0.43386213904183524;0.47156562697517096;0.3465914762062179;0.314065710807247;0.20085022473431657;0.6317596547286621;0.8058844056970844;0.5231391190575609;0.8208567906557558;0.5409181668866768;0.6727503072658659;0.6112590299765202;0.41810718639743427;0.4005024470801845;0.23619542877679928;0.7257323657171212;0.5425500112241803;0.779112780393397;0.7662956672632159;0.8975140319617281;0.314065710807247;0.564509664972223;0.9145098455214806;0.5229798487044695;0.9315876817446818;0.25883154923716467;0.5573117016547345;0.6035773556672155;0.9029530238743939;0.9277232991357585;0.6910207311664069;0.8699076294044847;0.32978477195573314;0.3586209928894691;0.4628429934183816;0.4046381044139113;0.36154807940694167;0.6030916530476635;0.7366620456070556;0.42392793690545383;0.5245111732509855;0.4090125076657507;0.7474933320316576;0.864422961432247;0.48977794290958004;0.4556089557501253;0.7340866316831269;0.5877418947141959;0.3932006414626706;0.6107127610729389;0.770160049872139;0.4551622697952358;0.8929091866364798;0.41930521415615274;0.3776392297952549;0.6610516345280539;0.33132396015613863;0.5774331717281374;0.39266152888650624;0.9652349185165201;0.7315072342610077;0.41948396221915546;0.2516446793477142;0.7876834013608217;0.5013960613925448;0.580796034838754;0.7348981019117045;0.41934330799416364;0.24500954459056656;0.9138827037643285;0.4892746696838116;0.5200486247620117;0.822686972522584;0.6294960331988328;0.7597693920399116;0.4340383718192474;0.9260837965042987;0.7252802080064834;0.5279141015831815;0.8934665228858872;0.5846101913364358;0.24575775016895401;0.3586209928894691;0.5725916022141444;0.8962027172235221;0.41474405601149444;0.5400201214235364;0.39054701941909037;0.11782853947112248;0.39468169657216495;0.6424739502194602;0.4831985504598599;0.4635629325549493;0.7383967424209306;0.9088127135468447;0.6276337399667606;0.4557297700390832;0.6020793996477647;0.24812593148304474;0.40850923443998227;0.4799329758456793;0.7372906904170287;0.5015682991287364;0.17006349388600822;0.7182827741759109;0.5335358487038002;0.8601985919033456;0.38534475183169614;0.24797766966760498;0.5190523618440883;0.4062022304814736;0.33151356630060497;0.3641291618257385;0.3592427020993558;0.3911733998404284;0.8234917535923068;0.21320771145693718;0.8491189484346595;0.6139770128276023;0.31356243758147856;0.5714707016331033;0.6298639538961375;0.15335827177264738;0.20651144212024602;0.5999963472774537;0.911146982410864;0.32312849856684767;0.6119044706720567;0.7302932565864562;0.8772608378573312;0.3891289412490869;0.73238875941478;0.7517006687372042;0.28196981724714065;0.45359443129996124;0.6232075601984788;0.38534475183169614;0.7176292421518602;0.7086122936931831;0.2531613638623598;0.7208051798941544;0.7893354836049301;0.1386915938748159;0.34810816072086354;0.18039429421442116;0.5255032138448692;0.9147851149191821;0.3125929200437504;0.5639298473587857;0.2643846633032963;0.4952783495006472;0.04779302274218561;0.813603467479646;0.5168828016744768;0.9063158869850105;0.20783364690380712;0.8306989059819663;0.5702726738743849;0.1994800884728442;0.48880265091105185;0.12075562598859507;0.5640629790173335;0.491246437594998;0.676379990873522;0.5694354369473311;0.5683925549448803;0.5522251409150238;0.6555477492876709;0.6746137375307155;0.2737931410327483;0.6893459036722016;0.17880724279114835;0.4402725418911908;0.8456270659171203;0.6150423370004858;0.5183750033792212;0.8391396789985368;0.42392793690545383;0.43386213904183524;0.6264840104768663;0.2206036930482052;0.26045879179287007;0.770160049872139;0.3632441474831801;0.5890750091059431;0.10587153690372997;0.8825368429959528;0.5810575810909999;0.6477795214899738;0.48217664568373414;0.4402725418911908;0.34365940109388543;0.46132656978239356;0.56166192232421;0.36365335361186035;0.7345323598120073;0.4193047823117428;0.21935418081311575;0.681467815406495;0.4879970505391304;0.6960022973698603;0.21736876678590045;0.41930521415615274;0.8358902919426692;0.4585255636949313;0.36994991233375807;0.5784681354636758;0.6630276403438009;0.5862977831196462;0.639644222377306;0.5469318028719414;0.5326478417251607;0.7416081201404789;0.4831985504598599;0.1638456509955647;0.518689990898556;0.3029889703972989;0.5574249545367858;0.3610691329405138;0.9267048560743731;0.37639393721218584;0.7271254426132467;0.47400669350565267;0.8742372053320315;0.5802927616129855;0.6900206163970071;0.41934330799416364;0.7269303934758397;0.22820284034008181;0.4635629325549493;0.42630264798672524;0.42279747674074114;0.4294152172255364;0.5682822792024402;0.5810575810909999;0.2204241793728719;0.11240827311833101;0.5668918188128553;0.6353844249783503;0.19179523966342438;0.9134738001809759;0.48144559055172065;0.4623649047962308;0.34724668879609544;0.7063985003026684;0.35647801727688744;0.13392578318296028;0.5405233946493049;0.9004760034157977;0.6392751646572823;0.32246317746484066;0.5003491567241205;0.21694929678417318;0.3914209451389745;0.7556872905681277;0.5508541949777177;0.44489569648490185;0.4519459046303414;0.4836796208156801
y;0.5396277617537788;0.19112619073896603;0.21952718250446246;0.5560912045130119;0.4177534847029453;0.6068568017152387;0.30053607687756306;0.15368902189447708;0.1927163665693361;0.27395676723088686;0.07973517002071184;0.4181867584503057;0.6869956518326792;0.4181867584503057;0.6990188078084819;0.19932864175332482;0.3963582573503955;0.30598614222729625;0.6395873709069726;0.44063160856151107;0.4279780711657043;0.906385122552296;0.5551701817333892;0.45833787229516876;0.33136863212101486;0.3449683837660977;0.7134174297272424;0.9214526900240585;0.43056953122532404;0.5358251136431811;0.5328490215653051;0.20000917879790242;0.5488369565426932;0.20638956875351577;0.6388125808091558;0.4597442491440132;0.32448575804194707;0.3084331635024607;0.32448575804194707;0.43874312821419387;0.07925435347308185;0.7210068454624082;0.4781094327611728;0.6590563986514083;0.547697544602242;0.5980168349423375;0.8713545382710672;0.39024775173313203;0.9406688324159085;0.46035626442765853;0.018475001200195962;0.28835505703484865;0.2953519945834367;0.3693879412024643;0.3150745530573295;0.5507112544611656;0.32700307033866594;0.7293805226964776;0.4647455260549746;0.9147587997863653;0.640876666070167;0.21093480540985338;0.4882739265710482;0.5177083808189049;0.7153238410409781;0.6800395668313753;0.5872514653328329;0.15076076891514478;0.4902620892766792;0.6159478083152118;0.6400665673068983;0.4256021333894804;0.348130450262889;0.24796221120688144;0.25276444138624243;0.5185184795821736;0.5486493680991771;0.19263146032972311;0.7152204311349852;0.36251538284813056;0.19263146032972311;0.35323865109417407;0.27954724152097443;0.37571911077345077;0.3209750473053609;0.7069501638069088;0.5507013182919008;0.449015083802474;0.48726332998262567;0.3679670886573902;0.08889305156095223;0.19157661963726424;0.24976288786832457;0.8218914790019932;0.2208532923462807;0.2668882990185114;0.5169283037518035;0.11292937721714297;0.2554230774226317;0.7108442690228642;0.4462701383819707;0.3748968197144069;0.5507013182919008;0.561909542246317;0.1247164085152252;0.35617313784712884;0.4903989207943451;0.376788257128178;0.6068568017152387;0.6714266652861747;0.031167297182531806;0.29140622296394125;0.9517280256211835;0.4279780711657043;0.46160686271228374;0.2636020795181578;0.6597734759615446;0.20913359768880851;0.12329225299801017;0.27667778540072513;0.7244766229325175;0.33091820322271664;0.13806847293280894;0.5104515846541642;0.3711620429251935;0.5490640722695909;0.5975241385619323;0.5389792402461216;0.6057688570583981;0.6710508582186856;0.342344035935466;0.2005801176971243;0.5986543507008799;0.5700529076261796;0.31066331266019787;0.7347347644717048;0.2845909148747464;0.8959611535514588;0.09753353847113927;0.5752283093570302;0.09460528549180697;0.559647245238612;0.41195778879201184;0.1784383579044182;0.26764973757403165;0.8422883122118653;0.6579166551377928;0.373519266711063;0.8785542024395814;0.7932504601260099;0.2593205933086411;0.6360149967747372;0.15020899298149992;0.4246864465586944;0.7180019969907301;0.5762400842294484;0.4329567138867708;0.32934742733737693;0.4390389296831962;0.2995798199528111;0.5488369565426932;0.45209683015739077;0.5382946803864479;0.45620614693555406;0.2818306675038187;0.5047990570177648;0.42010548828043015;0.631946580001203;0.4145492488516316;0.640876666070167;0.17119782833808855;0.9033802740806178;0.3553312595469649;0.6822274651000124;0.5132846803088895;0.31021288376189965;0.5402865354486124;0.29539089168636157;0.9656670106298045;0.243002761656664;0.4472903304581486;0.27735360399859593;0.4165128495698246;0.5668838021907616;0.1501532203814681;0.2037309327171265;0.3799175847085422;0.3166293946812254;0.18713247905725916;0.7263924519653358;0.5975241385619323;0.21243489967052637;0.5320840844342536;0.6770357931417165;0.6102048166804765;0.5947392178168291;0.5811121008314546;0.16595356691534002;0.3449683837660977;0.22156895305371294;0.6160628157926467;0.5154338823912166;0.1430087467990842;0.9374705569126898;0.4093043636260528;0.3586600937689669;0.4741877076261;0.37375350298481325;0.45566813493128766;0.1935442830456114;0.45566813493128766;0.8313815387465902;0.27468557222554457;0.17960711758116416;0.19802134655083414;0.4823901586404588;0.553087430823353;0.7218771414584461;0.4601383555667437;0.8744901290827867;0.1029234246922503;0.5107283187674238;0.5068399533953196;0.531454164764909;0.6311755642984067;0.32973864366939737;0.6672299956402781;0.5045991318307329;0.7388122186126606;0.4706679990728216;0.09712569238495383;0.7039453153352306;0.08132534585108192;0.4300096830868698;0.26191205336826084;0.13120856221520039;0.5766173176889733;0.22156895305371294;0.18721105785491532;0.4934603647798979;0.29140622296394125;0.6548328631828483;0.47800186508858367;0.1153275457386837;0.23232185236034697;0.8713545382710672;0.306024546866381;0.3587645979067486;0.1322841142250955;0.498669870081074;0.4037615576132471;0.6585829298038247;0.4937430910356554;0.24058449273870214;0.46755033215035474;0.28250884798017956;0.48108286343796813;0.5788386887293473;0.6167579070784805;0.6399005254659964;0.46162107040069583;0.1942387044382901;0.3674488434453744;0.2829651708137376;0.6292756362618095;0.14157143799606758;0.5620390945076842;0.13165408517218513;0.6463267314199002;0.35632072782244606;0.6434118015970827;0.595650577011221;0.14790466318676365;0.5729542254564501;0.5132846803088895;0.6991051870993525;0.31922085474084516;0.3756529378895785;0.6691063615343148;0.582913071332087;0.7540789583293674;0.66091013035555;0.5093636399973236;0.2725715859980837;0.6160628157926467;0.46454932338002813;0.4410991747314019;0.2724416968743387;0.631946580001203;0.6751778975359455;0.42507889235770946;0.2603970355121841;0.9166291585439491;0.19513445887598146;0.2768359838770468;0.142558317900786;0.3757211663931604;0.3323301037290171;0.9260920312069423;0.3789140650412541;0.2027530280189273;0.5135871754658836;0.48725724080500105;0.843340010843567;0.7102191542240237;0.33519890909763256;0.7324816735331379;0.5820244429371618;0.7108442690228642;0.6789516221745348;0.2953519945834367;0.27638564073304395;0.31956362735011296;0.578388259831049;0.3274197742189308;0.7399101662025556;0.5939982641918604;0.651843569290897;0.557681380343382;0.14407980604480908;0.4332147372686021;0.4702725747420493;0.47000208758447304;0.24841264010517966;0.3219697088691976;0.26065750302703267;0.5744731269469984;0.5875119328476814;0.5877747406275169;0.19802134655083414;0.9155688985496342;0.25656624486664487;0.18380449266590254;0.8702665936142266;0.22735331176142637;0.4654165541395235;0.23396254133445266;0.32154241249063265;0.1939387555322138;0.9376990610400082;0.383056688600052;0.5021291200078115;0.5024743916129707;0.7184153854027885;0.47463813652439824;0.6716978215939345;0.29521425817046215;0.5804702506233332;0.3842831464908911;0.45620614693555406;0.6854896321811086;0.2795516480495648;0.10775984002881339;0.592184877843442;0.5106589224865512;0.21243489967052637;0.32700307033866594;0.6226392830678438;0.2851003080397993;0.3134344404134221;0.684401687524268;0.43342573835020104;0.1414802601621083;0.6038530280255798;0.1494534737126541;0.4597442491440132;0.8047842720044409;0.4712886838929558;0.3564336053619774;0.5893505415730625;0.559131780074701;0.7096348306054304;0.5088076168036668;0.5703133751410281;0.6818202501018286;0.657772831040556;0.5458657967663721;0.5487938151792987;0.44935066432835924;0.5197397725771331;0.5638497836512826;0.584591383805946;0.7008814213767525;0.5609545404411027;0.3699877500409259;0.48726332998262567;0.13676117773031826;0.15975944516016571;0.8004415232590899;0.2779614722191947;0.2365578581317776;0.22630648407378423;0.6386595654415362;0.3693879412024643;0.05435555185407026;0.5068399533953196;0.6470332426756056;0.5115384175306925;0.9494937128884925;0.5926611341110966;0.8970490982082994;0.48076806879756206;0.316609485523012;0.5979692365511554;0.22977420404278331;0.099995171712918;0.5917354441271703;0.926781955762168;0.3111594201732788;0.36360152687504127;0.34470791625124914;0.31066331266019787;0.46980309389104846;0.5986543507008799;0.6386595654415362;0.325350041677536;0.37571911077345077;0.6258375585710625;0.24841264010517966;0.6402168473292793;0.5434841866983694;0.6559102174722854;0.1568311921808334;0.9166291585439491;0.8422883122118653;0.3347974926871101;0.2764173178858766;0.018475001200195962;0.15718905503298103;0.36177079317217925;0.2167191641175668;0.3900472739297962;0.5956659825827746;0.6548328631828483;0.13704397139329616;0.4880724383523121;0.5075233316748318;0.6500314379336247;0.36166448473766094;0.9344657084410117;0.3134344404134221;0.9208526940125091;0.18780956859552295;0.9357832320071899;0.26099233371165964;0.49626866953107684;0.9322951551818391;0.160563680694229;0.27102037880789986;0.1818211716338043;0.18005754647946237;0.5902172144350948;0.6129272249809272;0.9422653289482543;0.4668402945794136;0.185736304517855;0.6865794122590019;0.099995171712918;0.7324816735331379;0.4841310520252745;0.7313937288762973;0.5555729237565955;0.3799175847085422;0.25542848252928796;0.15559887920261095;0.4599096989611821;0.039004619835345145;0.9095833980555147;0.5388299621148592;0.7267890626368578;0.14476333416035708;0.31129336002203656;0.16845356064717742;0.44810042922141735;0.6783091449309254;0.15443449375753815;0.494831035692496;0.7267890626368578;0.3963582573503955;0.6503455387578687;0.5382136132469775;0.6888582654009499;0.3269880713117755;0.4564752587268982;0.5988642580859933;0.6567203162355542;0.6017899415125993;0.5766173176889733;0.5206623987770689;0.832280817638292;0.5542394740004415;0.5671150996378094;0.26923991340440173;0.7274803966221763;0.3237190808946605;0.23022463294108153;0.5670249637067912;0.21908186473585162;0.19530607604612898;0.48846058190614744;0.1650686414013977;0.26644239906139283;0.8974510123309589;0.13050076722293863;0.3327808167909872;0.13863414722366624;0.14790466318676365;0.6883174958609681;0.8797878558101467;0.578388259831049;0.3679670886573902;0.431624561438232;0.10203476205843487;0.33912065423707544;0.5434841866983694;0.2845909148747464;0.2995798199528111;0.27931389371237625;0.30574557939909064;0.023384070873677;0.3949985037787672;0.46980309389104846;0.5402865354486124;0.09140435153444842;0.9275920545254368;0.36929424141282646;0.3586600937689669;0.08730287573058215;0.5169283037518035;0.6042080338192446;0.7235941083690546;0.14413889619849757;0.6057688570583981;0.49018549378433335;0.39810559187264033;0.3351843024905402;0.5641102511661311;0.38625080989923827;0.9244564637137174;0.5063895244970213;0.573764324219719;0.1430087467990842;0.245047171708843;0.39810559187264033;0.46035626442765853;0.8777441036763126;0.5700529076261796;0.2622598513529206;0.13094809470035185;0.199824775039595;0.9103934968187835;0.142558317900786;0.8302651562360626;0.07578380257278028;0.12962547818870623;0.4708622129606663;0.4812169006733954;0.22630648407378423;0.35632072782244606;0.3674488434453744;0.5273108889570574;0.9452701774199325;0.221389796072733;0.36993475206573734;0.38596467253474154;0.6783134883476649;0.5463569587143009;0.4963427056803885;0.66091013035555;0.426234675217121;0.5374152894735511;0.5487938151792987;0.2849973068707076;0.3396759726028553;0.47756979329434335;0.7315364889684861;0.49185104831725496;0.282172055060467;0.32973864366939737;0.1153275457386837;0.48076806879756206;0.2724416968743387;0.5172247778903888;0.6610906311388998;0.929290306710161;0.24189178794119282;0.5627639868896755;0.6865794122590019;0.712215582663307;0.2260460165589357;0.36360152687504127;0.668228389782956;0.4025662094886375;0.5154338823912166;0.3007965443924116;0.8844834641892403;0.6818202501018286;0.5718295786247003;0.2956299515458772;0.9578673901225618;0.3274197742189308;0.48958122177353885;0.1454865708801183;0.18618673341615322;0.2671215206483505;0.507130396918773;0.5882882641145953;0.3015474833611582;0.5281689515502028;0.5852834156429172;0.5999844983506846;0.11558801325353224;0.19513445887598146;0.585851652652746;0.5325345133325518;0.9536438546540018;0.24998282370814512;0.34830540605623783;0.08132534585108192;0.42069306371599935;0.5532156360074231;0.15975944516016571;0.3051641730853457;0.5532025183250421;0.9041903728438866;0.5754887768718787;0.9177171032007897;0.26644239906139283;0.6875073970976993;0.22687178701061378;0.19316679546763432;0.4638263783091534;0.6341373055572394;0.17658771455919958;0.5101889432388759;0.4596492314463336;0.445851459222825;0.11266890970229443;0.9041903728438866;0.8218914790019932;0.6565329051627803;0.5841158745211135;0.5178060757693357;0.4638263783091534;0.2046015802191573;0.9071952213155647;0.8290825421350733;0.4880724383523121;0.5560912045130119;0.17817789038956966;0.32154241249063265;0.46660813962324516;0.36747934090070866;0.6559208078396889;0.4279554369758094;0.9155688985496342;0.2870406611815923;0.2956744075821332;0.2927016985665449;0.17684818207404812;0.1029234246922503;0.5103253511865763;0.08847609855511612;0.25656624486664487;0.1836235492107125;0.15443449375753815;0.16532910891624625;0.46999867691441916;0.5980686693178663;0.6990188078084819;0.39317600471246433;0.4823901586404588;0.6430361162777158;0.6249315040673504;0.47047858512968704;0.46454932338002813;0.5752283093570302;0.8452558398763853;0.6766020670170253;0.49655677289789846;0.47756979329434335;0.14497641020743135;0.2927016985665449;0.48952093824638554;0.3817895340391394;0.5064353870179912;0.23219229634942867;0.18713247905725916;0.04166325587173442;0.3661415482428837;0.19961152238120422;0.41525850547097337;0.5345021767408988;0.30522866834569046;0.8829861313133655;0.7088247318421617;0.11738569407715999;0.6118392803240866;0.6786219745986098;0.6672299956402781;0.1494534737126541;0.23368420254196354;0.13050076722293863;0.3748968197144069;0.3323301037290171;0.16845356064717742;0.6756171261269317;0.8063707850087488;0.5547662182923521;0.6842384066805843;0.9247240388019149;0.4781094327611728;0.2244362521779435;0.5988642580859933;0.21092662500779713;0.348130450262889;0.5436184134484481;0.4979666265042154;0.21125123804894563;0.3281484678390273;0.20799837202846483;0.35323865109417407;0.5926611341110966;0.5436184134484481;0.47320036308769176;0.46999867691441916;0.1942387044382901;0.2956744075821332;0.4832848344920235;0.6499809557226265;0.631522151424939;0.7382680878605609;0.5676939009540303;0.12919347202044795;0.547635699262138;0.3412695714047249;0.5386452278979891;0.29915824508000183;0.4673400408780299;0.24103492163700035;0.27735076654781976;0.5234464547522739;0.24103492163700035;0.3970481652421283;0.2586920678397467;0.5852834156429172;0.2478553717127614;0.13864318501673528;0.5832883973791214;0.5818435372010254;0.9206425912607897;0.6659765999364414;0.19387999186121158;0.8510884474012365;0.9103934968187835;0.27431261680141483;0.8540932958729146;0.48106158388847553;0.5088076168036668;0.06821609686290997;0.27638564073304395;0.2586920678397467;0.11292937721714297;0.4837968630658254;0.22939359938101467;0.49530799046782614;0.44927277172027175;0.582913071332087;0.531258845734935;0.5273108889570574;0.5477077221669294;0.5231540396400477;0.1276578147803591;0.6662903323718623;0.4413610687084897;0.6966578859081924;0.46243097120454885;0.47837576481854244;0.836148947710487;0.5636559816358304;0.8321916375098589;0.735264314170902;0.4390389296831962;0.5305091644602761;0.5404201379452294;0.4995376599481918;0.2154961953778654;0.718418706638204;0.6933187727719294;0.3205246184070627;0.4921723996561067;0.01581636516380669;0.316609485523012;0.6152060935914381;0.940349499915436;0.6025457328230891;0.7519333221783582;0.5732791874902532;0.7102191542240237;0.4361516681545741;0.13704397139329616;0.3596968213293138;0.573821991922803;0.21670130339867882;0.3237190808946605;0.20851671310320802;0.6102048166804765;0.5045195579851729;0.31841533477625844;0.3287270694214215;0.23687357471997317;0.41195778879201184;0.9208526940125091;0.5978748086285486;0.30629775087784894;0.31129336002203656;0.5206623987770689;0.0916800743457058;0.426234675217121;0.2379766550571421;0.6590563986514083;0.6388125808091558;0.27395676723088686;0.4413610687084897;0.6559208078396889;0.32654368940159406;0.33781335903458476;0.2753859405902488;0.21523572786301687;0.6181921435544226;0.929290306710161;0.17298940156685294;0.3721643779878332;0.4918272620028371;0.2037309327171265;0.3319893482227369;0.3358796851836139;0.5145919755113801;0.4937430910356554;0.8511468369341634;0.3514590585270162;0.7008814213767525;0.7218771414584461;0.8374562193691426;0.3479769066683641;0.547697544602242;0.37330307408651503;0.18721105785491532;0.3815055251008738;0.3587645979067486;0.5599418788379698;0.9495563975799918;0.22278958738325544;0.9033802740806178;0.7382680878605609;0.5610229891063288;0.37312970633354064;0.6463267314199002;0.5334400758937482;0.7797735182665996;0.1711121966835667;0.9465526238903329;0.1675437427457101;0.6585829298038247;0.604039659816844;0.4357699392660812;0.5838112006093725;0.6054810043611746;0.5547662182923521;0.843340010843567;0.20859260201255636;0.6822274651000124;0.4654165541395235;0.9637511815969863;0.12031394705649229;0.6030137535473965;0.5562204844791012;0.3815055251008738;0.33073992789864703;0.27468557222554457;0.04166325587173442;0.4521994001316296;0.23610742923347938;0.6729134717869563;0.22201011771518392;0.22735331176142637;0.245047171708843;0.03607636685601284;0.4601383555667437;0.4683604309136235;0.5441428749966364;0.9004558608026371;0.31824234061122075;0.3051641730853457;0.6293129507301362;0.4272965514135102;0.5641102511661311;0.3166832462431476;0.8572915713761333;0.3403755658196294;0.5320840844342536;0.6552068396644755;0.21404266736228955;0.3563958481933219;0.4679404803227779;0.4956516450392275;0.32294271071370806;0.631088449061612;0.34830540605623783;0.33777576255015995;0.7028954700925027;0.6579166551377928;0.8928847444227128;0.1635444909736964;0.6022403704108975;0.6010724430075252;0.5682140522394088;0.3723410101961385;0.8321916375098589;0.5234464547522739;0.2560334318033574;0.3076081929673612;0.6150681666879196;0.01581636516380669;0.8254522769969312;0.3949985037787672;0.3396759726028553;0.9494937128884925;0.613469300564749;0.1322841142250955;0.35297818357932553;0.1635444909736964;0.18773837033625868;0.2764173178858766;0.9463581220767731;0.38757594836656245;0.2561306644162298;0.44810042922141735;0.584376342035962;0.32975049824692304;0.663006460171718;0.26923991340440173;0.6310129603019132;0.940349499915436;0.6789516221745348;0.5804702506233332;0.8844834641892403;0.8250897545052119;0.7371801432037203;0.20896714200150623;0.631522151424939;0.5093897730967745;0.525868959513824;0.8380647767433053;0.3721643779878332;0.6392620460504819;0.26191205336826084;0.8767830073384686;0.20000917879790242;0.4963886177592302;0.1501532203814681;0.5897667855367966;0.33136863212101486;0.7356766278009411;0.2365578581317776;0.5226249455242966;0.5961010059095192;0.31841533477625844;0.9433543483871142;0.5979692365511554;0.4918272620028371;0.8188866305303151;0.24271543717600091;0.13657119048862726;0.22698247928297155;0.613469300564749;0.5104515846541642;0.4196160982712159;0.6167579070784805;0.9001846890200188;0.22895750178260332;0.08623441552456296;0.5699068590387524;0.4025662094886375;0.42826076942586966;0.3150745530573295;0.5396277617537788;0.5592835157430366;0.3629658117464288;0.424783116897901;0.7326728541112822;0.5655765069882709;0.27869859744531733;0.19530607604612898;0.6875073970976993;0.5870094761125912;0.24234221683949103;0.547635699262138;0.6993790474269845;0.5468188248868588
